1825
[[   0    0    0    0    0    0    0    0    0    0    0    0    0    0
     0    0    0    0    0    0    0    0    0    0    0    0    0    0
     0    0    0    0    0    0    0    0    0    0    0    0    0    0
     0    0    0    0    0    0    0    0    0    0    0    0    0    0
     0    0    0    0    0    0    0    0    0    0    0    0    0    0
     0    0    0    0    0    0    0    0    0    0    0    0    0    0
     0    0    0    0    0    0    0    0    0    0    0    0    0    0
     0]
 [   0    1   14    1    1    2    1    8    1   42    2 -113    4    3
     1    1   24    3    1    1    6    1    6    1   13    5    1    4
     1    8 -106    8    1    1    1   10    1    6    1    1   80    2
    64    3    1    1  -88    1    2    9    1   20    1   63   42    1
     4   12    1    2   15    6    9    2    1    9    1    2   15    4
     1   12    6   12    1   46    1    4   15    2    1    6    1   90
     1    2    2    1    2   36    1    2   54    4    1    4    1    8
     0]
 [   0   12   12    2    1    3    1    1   80    4    1   24    4    1
     4    8   10   24    1    8   36    2    8   20   28    5    8    1
    24    1   20    3    1    1   24   15 -104    2    2   36    7    1
     6   80    1    1    1 -116    8    2    2    1    3    1    4   64
     1  -44    1    8    3    6    1    8    6    8   16    6    1    1
    48    2    1    2   80    2  -96    3    2    1   12   20  -96    2
     4    6    2    1   24    1   16    3   12    1    2    2    8    1
     0]
 [   0    2    2    1    4   45    3   80    2    1    4   12    1    2
     3   96    1    4    9    1    1   90    2    1    8    1    8   32
     3    1    1   90   12  -75    1    8    1    8   12    1   56   18
     1    2   60   12    8   24    2    1    3   -4   36    4    1    9
     4    1   63   12    1  -68    1    1    9    1    3    2    4  -76
     1    8    2    8    3    2    2   12    1  -82    1    6    1    1
     9   12    1   12   24    1    4    1   40    1   72    2    1    4
     0]
 [   0    1   24   12    1    4   96    1    4   24    1   28    2    8
     4    1    1    3  -96    2    2    6   16   14    1    1    1    4
     2    1   72    2    1   57    2    1 -112    3    1    4    6    1
     8    1   96    1    6    1    4    3    2    2    1    3    6 -124
     1   28  -80    2    1    3   24    4   48    2   24  116    1    2
     6    1    1    9    3  112    1   18   12    1   40   34    2    4
    18    1   16    2    2    6 -128    2    1    6    1    2    2    3
     0]
 [   0   12    1    3  -76    1    1   24    1    4    1    4   60    1
     2 -112    6    2    3   58    6    1   14   45    8    1    8    1
    96    4 -106    4    4   60    5   24    1  -16   12    9   24   20
     9    6    3   64    1    1    3  120    1    1  -46   10    1    2
     2    2    5   24    3   60    2    1  100    1    4   84    4    1
    11    4    4    6    1    4 -121    3    1    1    3  -88    2    1
     3   12    1   24    1    2    3    9    6 -108    1   20   10    1
     0]
 [   0    1    8  108    1  -64    8    1    2   16   18    2    1  -88
    36    2    1 -128    1    2    4   16    1    6    1    1    6    1
     2   -8   16    1    4    1   56    3    2    8    1    1    1  -20
     9    1    4    6    2   18   36    1   36  126    2    1   20    1
   -40    1   16    1  -76    1    4   12    1   -4    1    1  -40    3
    32    1   10    1    4    1    2   10   40  -13    8    2    4   60
   -80    1    4   48    4  120    1    1    3    1  -76    1    4    1
     0]
 [   0    1    1    3    3    1    1  -60    1    2   14   10    2    6
     1    6   50    2    1   60    2   12    2    2   15 -110    4    7
    16    1    8    1   -6   18    2    1 -121    1    1    1    8   20
     1    4    1   26    6   10    2   96    1    4   48    6    8   24
     1    4    1    6    1    1    3  -32    2   33   27   72    1    4
     1   72   12  126  -24    2    1    9   56    1   12    1   64    1
    10    2   63    2    1    2    4    1    2    1    1   54   12    6
     0]
 [   0   48    2    1   90    2    8    1    8   10    1  -56    2    1
    18    1    1   30    9    2    1    3  -48  -80    1    2    1    7
     1    8    1   12    1   12  112    1    4    2   12  -76    1   48
     1    1   45    2 -112    1    1    1    1    1   12   28    1   96
     2    4   48    1    2    3   32    1    2    1    8    1   48    4
    14    1    2    2   48    1   48  -16  -64   28    1   72    3    1
     1   12  -40    4    2   96   56    6  120    1    3    1    1    3
     0]
 [   0    1    2   90    1   18    1    4   35    1    4  110   28   54
     4    1 -121    1    2   24    2 -127    1    2  108    8   90    2
   -88    1    4  108   30    1    2   24    1   60   18    2   64    1
   -80    9    1    1    8    4   24    1   32  -13    1    1   90    4
     2    2    1   40   12    4    1  -79   12    4    1   36    6    3
    42    1   40    1    2    5    1   25   10    2    8    1   90    6
     1   39    1   30   60    2   10    2    1    2    1   20    2   12
     0]
 [   0   24   12    1   12   36   16    9    3  118    2    1   12    2
     2    5   28   24    1    2   90    1    8  -50    1   18    2    1
    18   12  -46    2    2   15  -96    1   12    1  -64    1   30    2
     2    1    4   50   14    1    2   27    1    1   18   -8    2    3
     1    2   24    1    2  -16    1    4    1   48   12    1    1    1
     4    3    6   32    1   24    1  -88    1    1   18   40    2   16
     1   12    1    8   44    1    1   60   36    2   16  -40   18    1
     0]
 [   0    1 -124   20    1    2    1    4   10   90   60   18    1    1
     8   33    4    1 -100    6   42    1    1    3    2    1   24  -88
     2    1    6    1    2 -121    1    1  108    1    2   21    2    1
    12    1 -112    1    2    2 -116    1    1    6   88  -80    1    4
     4  -64    1  110   90    4    1    6   24   69    1  -32    4    1
    36    1   50    1    1    6    1   72    1   36    1    1    9    1
     4   72   36    1  -46   27   48    1    6    1    1    3    2    1
     0]
 [   0    1   12    1  -64    5    1    1    1    1   36    2    1 -122
     2    8    1    8   24    1    2    3    8    8    1   12    1    1
    12    2  -48    2    0    1   12    6    1 -112    8    3    2   16
    45 -128    1   12   18 -128    3    1    6   27    1    1  108   48
     1    2  -80    6    4    1    0    1    6    1    1    3   32   24
     1   10    6   14    2    4   80    1    1    1  -64    1    6  -88
    30    8    2    8    1   28    2   12    3    2   54   20    1   36
     0]
 [   0    1    1   48    1   36    3    6 -128    4    1    6    9    6
     1    1   64    1    2    1    8    4    4    1  -64   48    4    2
     9    7    2   32    2    1   -2    1   16    6    1   25   96    1
     2   75    4    1    1    1   64    3    8    3 -124    1    6    1
     8   80    1    4    1 -112    1   96    6    1    1    9    9    2
     1  -48    1   14    1    1    1    1    1    1   42    3  -66    1
   108    1    1    1   24    2    1   68    1    2  -88    1   12    3
     0]
 [   0  -88    1   12    4    1   12   96    1    3   18 -112    2    1
    27   24    4   52    6   21   18    4    1   12    1    1  -24    4
     2  -88    1   12    1   16    8    2    2    2   48    2    1  -32
     2    1   18    4    1   12   42    1  -64    2    2    1   20    1
     1    1    8   90   24    1   24    1    1  118   42    1    2   24
     6    6  -96    1  112    6    1    6   96    6    1   36    2    2
    -4   12    2  -80    3   14   18    6    1    4    2    1   14    1
     0]
 [   0    1   36    2    1 -113    2    1    2    1    6    2    1   12
     2   20   88    1    8    1   88    1 -116    2    8   48    1    2
     1   84   12    1    9    0    1   44    6    1    2    9   50    1
     1    4    1   28  -36    1    2    8    2    1   15  -68   30    3
    60    8   36    5    1    2    1    8   98    1    1    6    1    2
     1  -92    1    1    3 -124    3   64    3   34    1   40    1   72
     1    2    1   32    1   54   84    1   12    1    4    1   60    2
     0]
 [   0    4    1    6    0    1   96    2   12    3    1    1  -32    1
     1    3    3    1    1    6   80  105   12    1    2    1   52 -128
    28    3    1    4    4    6   63    2    1   24    8    1 -128   40
    12    1    2    6    1   96    2    1    2   64    2    1    6  -64
     2    2 -128   30    1    6   36    6    1   30  -96    3    3 -112
    40 -107   20    6  108    8    3    1    1   20  -64    1   96    2
     4    8   15    2    1 -128    2    1   90  -64   27    1    1   27
     0]
 [   0    9   24   12    1   20    1    4    3   24    6    3  -52    5
   -54   51   34    3  -16   12    1    1    3 -111   20    4   15    2
    30    6    2   -4    2    1    3   51    8    1   12    1    1    3
    80    2  -56    1    8    1  112   12    2    8    3    4    1   49
    30    1    1    9    1    4   83 -104    4    2    2   42    1   10
     6    1    4    1 -120    1   10   48    1    1    3  101   14    1
    24    2   48    2   12    1   16   24    2    1    6   10    2    2
     0]
 [   0    1    1    1  -88    4    4    6    1    1    3    7   36    7
     2    1   48    1    6  -12    2    4    1    1   20    1  -80    1
     8    1   96    2    4    1   96    1   18   14   50   10    2   16
     3    5    1   96    1    8    1   32    1    8    1   24    1  100
     1    4   12   12    8    1   18    1   24    1   28    1   60    3
     1    1    3   -4   12    2   72    1   16    4    8    2    1    8
     1    1    6    1   72   24    3    2    1   16    1   96    1    2
     0]
 [   0    1   40    8    1    1    1   30    2    2   24   57    4    1
     6    1  -16   20    1    2    1 -105    3   16    1   24    1   30
     1    1    1    1   64    9    2  -28   38    1   12   19   66    6
     1    2   36    1   16    3   24    1    4  -34    1    8    9    1
     1  -48    1    2    1   24    3    2    1   18   27    4    1   12
     1  120    4    1    2    1   74   28    6    1    1   12    2    1
    70  114    2  -26    3    1    2   64    6   30  120    1    4   18
     0]
 [   0    6    1 -108    8    2   12    5   15    3    1    1    3   10
    42   66    1  120    2  -72   16    1  -32    1   24    1    2    6
     6    6   48    3    2    1    8    1   36    2    4  -88    3    2
     2   96    1    4    4 -128    1   16    1    4   70  -92   20    2
    12    1   24    8   64    2    1   27   32    1    4    1   64    1
   -96    2    1  -40   16    1    4    8    1  104  104   45    3   16
     4    6 -124    2    6    1    2   12    1    1    6   24   20    1
     0]
 [   0    7    6   72    2    2    6    3    2  -36    1    1  122    4
    48    1    2    6   96    1    1    6  -58    1    2    1  120    1
     1    1    1   22   96    1   12    4    4    1    4    1   32   42
    36    1    4  122    1    1   24    1  -32    1    4    1   68    3
     1    1   12    1    4    1   72    1    1   30    1  108    1   84
     1   38   25    6    1   48    1  -12    3    4 -120    1  -64    1
     1    3    1    1    1   21  -80    2   25    1    1    1    1   20
     0]
 [   0   96    1   12    1   84   44    2    0    1    6    3   32    3
     1    1   72    1    1   18   10    1 -100    1  120   12    1    8
    60  114    4    1   12   18    2    1   98    4   20    6    1    1
     3  104   36    1    8    8  -64   24    1    2   96    2  -48  112
    75    1    1    6    4  110 -116    1    8    3   16    1   20   27
    10    2   28    2    1    2   24    1   40    1    6    4    1  -72
     1    2    1   68    2    6    4    1   12    1    8    2 -116    1
     0]
 [   0    1    2    9    2    2   72    1    2   72   20    1    1    2
     1   36   32    2   24    1    2    6    1  -40    2    1   36    1
     1  -82   24   20    1   92    1   64    8   15    4    1 -112    8
     2   40    1   24    1   40   10    1    2    1    4   40    1    1
     1 -128  -16    1    2   69    3    6    1  -27    1    2   16    6
     1    1   24    1    3   48    1  120    5   12    1   42    1    2
     1 -112    6    2    3    2    1  -34   69    8    1   69    6  115
     0]
 [   0    2   12    1 -128    1    1    9    2    1  -32  -64  108    1
    36    1    0    2    1    8    3   10   40    2    1   12    1  -80
     2   10    2    3    1   72   36    1    2   60    1    1    6    1
    32    1    4    1   16   15  -92    4    1   45    4    1   24    6
     1    2 -106   48    1  -48    4    1   36    3 -128    4    6    1
     1   60    1   12   36   27    2    8  108    3    2    1    0    2
    94    1    2    1   96  120    8    2    2   15    5   12    1    2
     0]
 [   0    3    3   24    2   96    2    5    3   32    2    1    6   56
     1   48    1  -87  -36   15    1    6    1    1 -106   40   84    1
  -112    1    2    6   24    2    1   36    6    4  108    5   96    8
     4   42    1    4  -76    1    2   90  -68  -56    1  -80    2    1
    65    2    4    4    5    2    1  -38    4    1    2    8    1   54
     6    1  108    1    2  -67   36    6    2   90   18    1    9   14
     1  -49    2   48    2   36    1    1   12    1   16    2    1    3
     0]
 [   0   16    1   48    1    2    3  -74   16    2  108    8    1   36
     4    1    6  -52    3   60    1   32    2    6  -64    2    4    6
     1    1 -112    1    1    6 -128    2    2    1  124    2    1   12
     1   20  -48   15    2    1    4    1   15    3  -80    1    6   12
     9    1    2   34 -100    6  -96    3    1    2   48    4    2   18
     1   40    2   36    2  -72    1    2    1    4    2   18    6    2
     1  -61   24    2    1    3   32  106    1    4    3    2    1    6
     0]
 [   0    2    2    4    9    4   84   14    1    1   12    1    8    1
    84    4   18    4    1   57  122    2    1   12    1    1    1  126
   -96    3    2    9   48   18    5    1    1    6    1  -46    8    2
    16    1 -128    4    2    6   12    1    4    2  -72   12    1    2
    12    6  120    1    2    2    1   96   12  -10    1    2   60    1
   105   12    1    1   96    6    4    1   54    1    1  101    1    2
     3    1   10   96    2   40    1    4   18   12   28    1    4    1
     0]
 [   0  126   18    1    4    1    2    1   32    6    4    2    4    2
    64    1    2    4    3    1    1    4 -128    1   80    2    4    2
     1    4    1 -116    1  124  -64    6   24    1   40  -80    1    1
     1   16    1    2   14    1    6   96    1    1   12    1    4   20
     1    1    3    2    4    1   12    1    1   42    2   56    1    4
    10    1    4    4    1  -96    1   94    1    2   36    1  -96    1
     6    2    1    2   24    5    1    1    1    1  -16   40    5   20
     0]
 [   0    1    8   12    1  -70    1   88    1    2   12    6    1    1
    16    4    2   60    6    1  -96    1    1    3  -96   12    2    2
    24   36    3    1   90    1    6    1    1  -44    1    2   16  -48
    75    1    8    2    2  -76    1    1   48  -86    1   16  -77  -99
     6    1   15   12    1   90    1   24    1   20   25 -119   18   27
     1    4  -88   36    8    1   16    4    1   16    1   40   15    8
     1   96   16    1    2   72    3   90    2   12    1    1   60    1
     0]
 [   0   12    1    1   48    1   12   28    1   12    8    1   24   48
     2    1   32    1    6   18  -16   60    2  -32    6  -48    3    1
     1    4    5   36    2    4   30    1   12    1    1  112    1    1
     3 -128    2    1    6    1    1    6    2   40    2    1    4    4
    94    3   40    1   16    1    0    2   12    4   48    1    4    1
    96    4    1    6    1 -128    2    1    6   30    2  -52    9    1
     1    3    1    1  -46   36   16    1   24    1    8    2    8   10
     0]
 [   0    1   16    1    8   12    2    1   16    2    1    6    2    1
    18   66    3    2    1    6    1   59    1    4    1    2  -94    4
     1  -94   16    3    1    1    3  -48  -32   24    2    1    4   16
     1   12 -128   74   -8    6   62  116    1   96    4    8    1   16
     1  -16    1    8   20    6    1    1   68    1    1    6 -104    2
     4   36    2    1   48    2   76    4    4    1    8    2    1    4
   -24   15    1   24  -94    1    2    2    1   49    4    3    1    2
     0]
 [   0   24    1    0    1    2   90    8    1    2    1   64    4    1
    12    8    1 -104    1   60    4    1  -64    2    4   36    1    2
  -121    2    1  -64   64    4 -112   12    1    2    4  -32    1    2
    64    1    2    1    2    2  126    9    4    1   45    1    1  -92
     6    3    2   32    0  -32    2    9    4    1    6  -76    1    0
     1    2   54    1   10    1    6    1    1   20    1   64    1    0
     1   30    1    2   60    1   12    3    0    2    4    3    2    1
     0]
 [   0    1    8    1   32   24    1   10   18    6    3    8   32    1
     4    3   48    1    6    1  104    2    6    1    1    3 -100 -100
     1    8  120    1   30    1    2    2   16   10  -76    1   48    4
    16    2    4  -76    1    1    6    2   48    2 -108   64    1   16
     1    1    1    1    1    1    7   32    1    1   45    1    8    1
     4   52    1  114    8    4    1   10 -124   21   82    1    3    1
     4  -76    8    4    1    6    2    4    8    1  -76  -58    6    1
     0]
 [   0    2    1    9   40    4    4    1    2   14   24    2   75   24
     1    1    3 -120    3    4    1  110    5   16    8   24    2   16
     1    2    9  -70   15    6   84    1    2   80    1    2    4   16
    25    3    1    1    9   -8    1    2    1   -4    1    1   88   28
     4    1    6   36    4    1  -64    1   64    5    2    6  104    1
    16    1   16  125    2   90   12    1   66    1    6   34   10    8
   -94    2    1   98   16 -106    1   12    1   48    1    1   72    1
     0]
 [   0   14   26    1    1    3 -112    1   16    1    2    1   36    1
     8    1    4   68   50    1    8    1    8  -78    1    4    1    8
     1 -112    2    1   18    1    1   18  -44    2    1   90    1    2
     2   10  120    8   48    1  -40   30    1    1    6   16   60    1
     6  -67   40    1   12    3    8   64    1   16    1    4   24    3
     3    1    4  -12    3    1    1   -4    2    1    6   64    1    2
     1    4  -93    1    4    6  -36    1    2    1    2   90    1   10
     0]
 [   0    1    4    1  -92    1    2    3   48   40    2    2    2  -88
     4  -40    1    2    6    2   24    8    1    2  -96    1    6    8
     4    2    1   48    5    1    1    1    1   40    6    4    4   64
     2    1    9    1    2    9    1    1  -12    4   72    2    1    8
     2    1    4    4  -32    2    1    9    2    1   12    1    1   72
     1   12    8    1   96    2   28    2    1    6    1    2   24   72
     4    4    1   56    1    2    1    8    1    8   63    1    4  -24
     0]
 [   0   36    4   75    2    4 -110    1    2   48    3   16    1   78
    45    6    8    2  108    5   24    2    1   36    1   21    1 -120
    77   12    9   36    9    8    1   16    1   32    1   32    1    1
     6  -48    2    2    4   24    2   48    6    1    2  -80    4    2
    42    2   32    1    1   60   72    1    4  -16    1  120   10    8
     1    1    1 -124   18    6    2    1   48    4   36   12  -96    2
     1  -16    4    1    9  120    4   30   30    1  -96    1   36    1
     0]
 [   0    3    3    2    1   10   32   15    2    2    8    1   12    1
     8    1    1   34    1  114    1  120    1    2   96    1  -56    1
    10    1    8    1    2   84   36    1    1    4    4    1  112    4
     2    1    4    1   20   12    1   60    1   48    3    1    1    4
     1   14    1    6    1    1    6    2    1    8  -52    1   16    1
  -112  -65    8    1    4    1  -32    2    1    6   24    1    6   58
     8    1   96   20    4    4    1   16    1 -120    1   54    1    1
     0]
 [   0    1 -128    1   72    1    1    6    1    1   12    7   36   16
     1   12    9  -59    8    1   12    1  -92    1    4  110    1    4
     3    6    1    1   42    4    1   -2    4    4   73    6    2    1
   120   12   96   36    1    1   96    1   40    1    4    1  120    6
     2    2   29    2    1   16    1   20   15    4    2    2    1   18
     1    2    3    4    1   24    1   48    6    1    1    3    1  -16
    25    8    1    1    1   15 -120    1    2    1  -88    2    2   21
     0]
 [   0    1    4   12    1   60    1    1 -128    2   12    4    1    2
     2    4   12    1 -110    4    1    1    1   50    1   12    4    1
    80   54    6    3  108    1    1    3   56    2    1    3  -88    2
     8    1    1    1   48    2   16    9    1    1   32   18    1    1
    18    1   30   72   64    1   60  -56    2    6    1    2  120  -72
     4   28  120   30   56    2   16  -40    6  110    4    2    8    1
   104    1   32   12    2    2   24    4   96    6    1    2   36   30
     0]
 [   0   64    1    1    6    1    9    3    2   36   10   72    1    4
     1    8  -32    4    3  120    1    1    1    7  -40    2    1   96
     1    1    1  112    2   80    7   24    1   48    2   96    3   24
     1    2    1    8    5    2    1    8    1 -112    1    1    1 -128
     5    2    3    2    1  -76    1 -128    1   32    9   68    1   18
     1    4   75    1    6    1    2  105    1    1  -94    1   78   30
     1  -96    1    1    9    3    2    1   84    1    4 -121    4    1
     0]
 [   0    1    2   14    6  -40    1    4    1   12  -96    3   12    1
   -96  -80    1   32    1    1    9   16   15  124    1   24    2    1
    12   60    4    1    1    1  100    1   64    1    8    1    1    1
    24    2   80    2   88    4   20    1   12    1    2   19    6    1
    32    2    1   16    1    2    4    1  -80    3    1    1   12    1
    96    1    1    6   56 -116    1   42    4   16    6    2    6  -62
     1    6  -40    1   16   15    2   35    1   64    1    1    1    8
     0]
 [   0   12   64    4    1   54    2    2   18    1    1  -80    1  108
     1    2  -32    4    2   16    1  -23    1    1    4    1    8   36
     1    4    2  108   18    1    6   56    1    1   48    1    1    6
    -8    1    6    1    1    3    6   30    1    2   18    4   12   24
     1   40    1    1    1  -58    1    8   12    8    2    2   18    1
     6    4    1  108    6    1    1   36    2    1    3   64    1   32
     9    2    1   20   70    2    6   49    1    1    4    2  -82    2
     0]
 [   0    1    8    1   72    1   12   65    1    2    4    1  -31    2
     4   12    1   17   96    1    2    9   24    8    1  -62    1    4
   -88    3    2    3   18    6    1   72    2    6   20    3   32   96
     4    2    4    2    2  108    8    1   20    1    4    1    2    1
  -128    3    6    1   64   10   16    2    1    2  -32    3    1   36
   -64    1 -112    2    1    2   32   15    4    1   68    6    1    1
     9    1    2   54    4    1    2    1   15    4    1   12   72    1
     0]
 [   0    4    1   48    1    1    3   21    2  -66    1   16    2    2
     1    6   14    9    1    2   64    1    2    3 -128    1   16    1
     4  -62    1    1    1    1   10    1   42   74    1 -112    1    4
     1   24    1   -4    2    1    3    6    1    4   90    4    1  -58
     1   10  -76    1    2    3  -32    2    4    4    2    1   80    1
     1    6   10    1    4    3   64    1   32    1    1    3   64    1
   112  -37   12 -124    1   54    4    2  118   35    3    1    1    8
     0]
 [   0    1  120    1    2    9 -128    1  -64    1   96    6    1   54
    16   44  -25    1    4   60    1    2    6   14    8   12    1   63
    40    1    4    1 -128    5   27    1    2   30   12    4    2   36
    18  108    2   24    7    2   27    6    2 -106    1    1   63    1
    12    2    1   36    4   24    1   18    1    1   64   50   30    8
     1    1    1   30    1   24    6    3  -76   60    2   18    2    1
    30   10    1    4   12    1 -107    1    1   40    7   20    4   12
     0]
 [   0   16    1   15   30    1    4    1    2   18    1 -100   12    1
     2    1 -106    1    2    6    1   48    1   46    8    2 -104    1
     1    6   16    3    6   42    2    1   20    1    4    1   24    2
     1    2    8    2    1  -44    1    4    1   12    1  -40   50   18
     1    2    4    1    2   12   16    1  -96   40    4    2   70 -115
    15  -26    1   12    2   16    4    1   12    1   12    1   28   88
    10    4    2    2    1   60    1    4    4    1    6   60    1    8
     0]
 [   0    1    8   18    2    1    6    3   16    4    1    1    5    2
     2    4    1  102    4    0    3    2    1   16    1    1    1   32
     6  -96    1   24    1    4    1   16    1    4  126   18   72    4
     1    8    1   16    1    1    1    4    6    1    1    9    1    1
    12    1  -94    8   88    1    1    6   40    3    1    1    3  -76
     5    1    6    1    1  104    1    1    1    8   30    1    2   16
     1  -22    1   24   30   81    2    2    9   66    4    1 -112    1
     0]
 [   0   36    1    2   30   24    1   20    2    1    8    1  -48  120
     1    4    1   20    1    6    2    1  110  -97    1  100    4   12
     1    2  -16    1    2   12  -56   10    4    3    2    1   24    3
     9    1  -92    1    1    1    1   59    2    1    8    3    1    1
    59    2    4   96    1    8    4 -128    1    2   60    4   36    1
     8 -123    1    1  -26    5   96   10   64   24    2    1   12   44
    12    1   28    2   20    3    1    2   72    6    1    4    6    4
     0]
 [   0    1    4   18    8    1  -44    1    6    2    1   30    2    1
   -96    1    1  -88   36    1    2   18   70    1    1    1    1   10
     2   28    2    1   72    1    2    1    4   37    2    1 -112    1
     1    6    2  100    1    1    1    1   24    3  -56    4    1   24
     1  -80    1    4    4   80    1    1   48    3    3    1    2   48
     1    2  112   -6    1   12    1    1   10    1 -108    1    1    6
     1   16    2    1    4   18   20   81    2    1   56   12    1    2
     0]
 [   0   51    8 -112    2   16    1 -117  -50    2    1   12   24    4
     1  -62    4   42    1    2  104    1    2    4   96    1   16    4
    40    1    8    1    1   12    2   20   14    1    7    1    2    1
     4    1    1  104    1 -128    1    1    1   72    6    1   16    1
     8    3  126    1    1    6   12    4   32    1    0    6    1    3
     6   20    1 -126    1    1   12    4   32   82    4    1   54    1
     2  -10   54    4    1  -94    1    4    3   36    1    1   12  -32
     0]
 [   0    3   30    1    1    3    8   50    1   40    9    1    1   15
    16    2    4    2    8   40    1   90   12    1   12    6    4    1
    28   16    1   16    1   22   -6    1    2  108    6    1   36    6
    12    6   30    1    1    1   24   60    8    1    1    6  120    2
    36    1    1   18    2    1   36    1    4    1    8    2   14    1
    30  -86    2    2  -40    4    1    1    8   12    1  -94    1    1
    54    1    1  -76    4    1   36    1  -20    1   24   15    1    2
     0]
 [   0    1   10    8    2   20   18    1   16    6   16    1    8    1
     8    3    1    1   36    9    2    2    6   12    2    1   24  -46
    14    1   40   12    9    3   15    6    1    1    1   50    1 -124
     1   12    2    1  -84    1    4    1   48    4    1    2    2    1
    24    1   12    1   20   12    4   52   68   36    2    1   90    1
     6    2    1   24    8    1  112   12    3    1    4   12    1   24
    80    1   24    2    1   24    1   80    1    2    2   36    2    4
     0]
 [   0    2    1    2   60   59    1   16    1    6    2    1   14    1
     4   90    2   48    4    1    6   12    1    2    1  -48    1    2
     3   64    4    1    8    1   12    1    4  -32    1  108    1    1
    24    1   32    1    8    1    4    1    2    1 -128    2    1    8
     1   20    6    1    1    1   24    1 -106    1    8    2    2  -36
     1  -16    2    3    9  -32    1    4    8   24    2    1   96    8
     1   72    1    4   28    3    1    2   48    6    1    3 -128    1
     0]
 [   0   42    1   24    1    4  -76    1    4   28    4    8   68    1
     2   60    2   48    1   12    1    4    3   72   20    3    2    1
     9 -111  -96   12    1    1   24    1    1   18   24    1   36    2
     1 -116    1   96    1   24  -66    1   12   24    1    2   36    1
    24    5    6    3    8   -4    1    2    1   16    8    1   14    1
   120    1    6    1    1    5   72    1  -32    1    1   54    4    1
     4    3   80   18    2   12   72    3    1    2   27    3    1    4
     0]
 [   0    2    1  126    1    1    3    4    1    2   28    2    1    8
    24    2    1    3   15   57   16    1    8    1  -80   10   14    2
     1    9   16    1 -128   42    1   68    2    2   24    6    1    2
   -88   18    1    1   24    1    8 -112    1    1    4  -40    1   64
     5    4    1   56    2    1   20    4    1    1    1  120    1   28
     6    3    1    1    6    5   68    2    4    1  -16    1   16    1
    80    8    3    1    1   10   48    5   24    1    4   54    6    1
     0]
 [   0    4    1    6  -16    8    2  120  -80   20   48    8    2   24
   -81  -50   33    4    4   24    3 -116    1   12    2    1   60    2
     4    1    2  116    1    1   82    1   12    8    1  -76   10    1
     2    2    6  100    1    1    1    2    5   32    1    4   48    2
     1    4   24   16  -76    4  120   32    6   52    4    2    2    1
     6    3    7   84    8    1    2   28  120    1    2   28    2    1
     6    2    1    6  120    1 -112    1    2   48    1    4    1   32
     0]
 [   0    1  -48    1    1    3    4    5    2    1   12    1   90    2
     2   15    0    1    1    1    1    5   30  104    1   12    1    1
    60    2   72  -88  -96    1    4    2  -32    1    8   40  -16   25
     1    1    1    1   10   18    2    1  -48    2 -104    1    2    6
     1    1   48    3    1    1   80    2    1    2    1   60    1   32
     2    2   96    1  -32    1   48    1    1   36    8    1  -64    8
     4   24    1   12    1   18    1    1  -32    1   60    6    1    2
     0]
 [   0   36    2    1   24    4    4    3   64 -112    1    4    1   80
     1   36    1  -52    1    8    1    2   30   14    3    8    2   84
     1    6   12    1  100    1   46  -66    6    2    2    3    3   36
    90    6    2  -64    9    1    1   72    3    1    1   72   30    1
     1    6    1 -112    8    6    6    1  100    1    0    1    8    5
    16    1    1    2    1  100    2   -4   32    1    1    4   20    2
     1    4    4    5   78   95    1    1    3   32    1   48   10    2
     0]
 [   0    1   48    3    4    1   60    1    2    6    2  112    1   78
     2    6   80    2    1    9   24    2    1    2    0    1    3    1
    24   45    1    8   12    3    8    1    4    1  -28    1    2   48
    15    1    4    1    2   10   48    1    2   12    1   16    1   16
     1 -112   72    1    3    9    1    8   12    3    1    1  104    2
     1  -80    1   24   10    1    1    2    4  -96   20    1    4    6
    24    1   25  -25    1    2  126    4   18    1    2   42    1    4
     0]
 [   0    1    2    1 -112   32    1    4    2  108    3    1 -120    1
     4    1    2   10   96  -80    1   16    4    4    1   -6   25 -108
     1   16    8    1    4    1    8   16    1    3  111    2    1   24
     4    1    4   48    1   16    1   12    3   16  -68    1    8    1
    88   16    1    2    1  -62    2    1  -68    2 -128   93    8    2
     1    6   72    1    2   52    4    1    4    2    4  -44    2    1
    18   36    1    8    2    8    2 -112    1    2   36    1    8    1
     0]
 [   0   -8    1  -32    1    4    2   24    1    2   11    4    1 -114
     2    2    6    2    1    8   42    4    1    6    1    3    1    2
   -88   97    4    4   32    1    1    6   21 -100    1   12   36    1
     1  -16    1    1    9    3    4    1    3   64    1    6  -88    4
     1    2    3    2    1   28 -128   24    3    1    1  -11    1   60
     1    2    1    1 -128    1   16  -67    1    2    6    1  -96   12
     6    1    8    1    6  126    1    1    6   32    1    2  -64    6
     0]
 [   0    1   18    1    2   28    1    4   24  -80    1    1    1   32
     1   12    3   96   68    1   24    1    8    1    4 -112    2    4
     1   16    1    2    1   34    4    1   66    2   20    1   21   18
    24    4   57    1    2    3    1    1    3    3    4  -40    1    1
    18    1    4    6  112    3    2    1   40  -40    2    1  -20    2
     4    9   72    3    1    1    8    2  -80    6    1    8  -68 -126
     1 -100    1    4   24   22    4   36    6    5  -76    1    1    3
     0]
 [   0    2   88    1   84    1    2    3    1    2    2 -109   12    1
   -71    2    1    9    2    1    6   76    1    1    6 -112    2    3
     2    1   40    2    4 -128   20    6    1    1   48    2    1   48
     4    1    3 -107  -58    4    4    3   20    1    1    1    1   24
     1   12    1    1 -121    1    2    2   48    1   10   30    3  -18
     1    2    6   42 -120    9   48    1    2   72    1    1   30    1
     2    3    6    1    2    9    1    1   56    1    4   12   32    2
     0]
 [   0   30    1    3    2    1   60   16    6    1    2   12    1    1
     1   16    1   10   18    3    1  -75  108    6    1    4    1   14
    36   92    1   56    3    1    4  -24   40   12    1    1   32    1
     1    1   18    1    4    1    6   18    1    2   24  124   12 -124
     4  104   10   36    2    1   18   16    2 -124    1    8    1    2
    90   12    1   16    9    2    2  -20    2    1   15    8    3   36
     6    1  -88   10  -36    6    4   12    2    1    9    2    4   90
     0]
 [   0    1    2   24   80    3   32    1   42   42    2    3   15    1
     1    6    9    1    2   12  -32    6    1   66   24    1   64    1
     1    3   24   20    3   96    1    2   24    1    4   24    0  -32
     6    1    6    2   64    1    2    2    1  -24    4    1    6    6
     1    1    1    1    5 -128    1  -64    1   56    2    1    6    4
     1   18 -128    3    4    1    6   60    1   14    3    8    1    2
     1   56    1    2    1    4    1  108    4    1   72    1    2    1
     0]
 [   0    6   12    1    2  -96    1  112   15    1    1   -1   12 -101
    30    1   22   12    1   62    1    2    6    1    1    2    4    2
   126 -120    1    1    1   48   12    2    1   80    1   20   12    3
    16   10    1 -123    2    3    2   48    3    1    1    1    1   40
   116    2   91   16    4    1   64    2    8    1    4    1   14   16
     1    1    1  -12    1   90    1    2   48    2   16    3    4    1
   -40    1    2 -100    4    1  -92    1   18    1    1  -72    4    1
     0]
 [   0    4    1   48 -128    2    1   60    1    4    4    4   24    1
     2   98    2    1   81    1    4    6   66   10  -92    1    1    3
    36    1    2  -78    3    1    1    6    1    2  -81    4   12    1
     1  -16  -76    1    1   72  -98    1   48    1    4  -31    1    2
    10    1 -112    1    6   12    6    1   -4   12    2    1   12    1
    72    4    2    3   24    1   32    4    3    1    2   30   15  -76
     2  -48    1    4    3    6    1   36   10    6   32    1   48    1
     0]
 [   0    1 -112    1    6   36   18    1    1    6    1   44    8    2
     1    3   24    1    1   84    1    6  -80    4    1   36   72    2
     2   36   15    4   60    1   30   24    1   32   30   24    1    4
   -80    2    1    4    2    3   24    1    2   18   48    2 -116   12
     1  -72    1  -84    1    1    2   12   87    1   10   -4    1    4
     1 -124    1   72    1    8    8    1   16    4   72    1    2    3
     1    1 -128    1    1   15   30    1    2    2    1   60    1   24
     0]
 [   0   60    6    2    4   24    1    1   18    3    6   12    1    4
    84  104    1   90    1    1   24   18    2    1   12    1    6    4
     1   27    1    2 -128   32    1    1  120    1    6    1    4 -128
   -64    1    4    1  -32    1    4    3    0    3    1    1   12    1
     1   28    0    1    4   48    1    4    1   16    1    2  -13    1
     4    1   16    4    6    2    1  -79    2    1   80    1    4    8
    72    8    3   42    2    8    1    8    6    8  -32    1    8    2
     0]
 [   0    2    1   36    1  120   75   24    1    1    3  -36   28    1
     8    1    1    1   42    4    1  -46 -112    3    4    1  120    1
    54    1    4   20    7 -120    2    2    3   16   75    1    1    6
     1   30    8  -48    2    4    6 -123   27   14    2  122   48   10
     1    6    1    4   48    1    8  -79   90    1    6    1    2   24
     1   12  -81   12    1    2    2  -46   18    2    2   36   45   12
     1    2    1   52    9    1    2  120    1  -32    3    2   54    1
     0]
 [   0    2   24    2   64   16    1    2   75    1    2   30    1  -96
    28    8    9    2    1  -16    4    1    2   16    1    1    1   31
     1    4    1    6    3    1  -28 -120    1    6    1    1   20   80
     4    2    1   32    1  -64    1   12    1    1   18   52    1  -44
     2    1   24    9   52    2   78    1   16 -100   30  114    1    6
    48    1    2    1   16 -106    9    1    4    5    1    1    1    1
    10    8    2    2    4    1   36    2    1   18    1   48    1   18
     0]
 [   0    1    1    3   24    1    2   35  -64   14   96    3    2    1
     4  -72   32    3    4    4    2    1    2  -20 -106    8    2   24
     1   80    2   16    1   16    1    4    1   32    1   60  -80   12
     1    8    1    1    6    7  -96    1    1    1    4   12    2    1
  -106    1    6    1    2  -93    1   48    3    1    1   12   24    4
     1   18    2    2    6    1   32   26    1   28    6   16    1    1
     6   40    4   30    3    1    1   16  -62   10    2    2    4    2
     0]
 [   0    4    8   12    1   20 -128 -112    1    1    2    1    2   24
   126    1    2   49    1    6  -64    3  -88    1    1    1  -96    1
    80    2 -106    2    1    3   32   50   64    1   80    1    4    1
     4   90   12    1   36   12    1   48    6    1   90    2    6    8
     1  -32 -128    4    1   42    2    2    1   24    2    1 -109    1
     4  -65    3    3    8    1    1    1 -112    2    2    2 -128   24
     1    2 -128    1    4   66   56    1    2    1    0    1   24    1
     0]
 [   0   37    1    2    4    1    8    1   14  -96    2    1    8    1
     5    4    1 -121   60    2    1   72    4  120   10   72   30    2
     1    2    1   -8    3  120   12    1    2    1   70    2  -72    1
    52    1    1    1    1   10  120   20 -128    1    4    1  -56    1
    24   23    3   30    2    2    1    4    1   72    5   24    1  -96
    12    2    6   88    1   24   18    4    1  -50    1   96   16    1
   -34    2   84    3    2    1    6    2    4 -116    1    4    1   80
     0]
 [   0    2    2   48   12    6    1    4   15    1   18    6    1    8
     2    1   18    1  -20    1    6    1    1    3    6    2    1  -94
    20  -80    2   16   25    1    2    1    2   15    7    4    1    1
     1   48   10   96    1    2   36    1    1   15    8    6    1  100
     1    4    1    4   20  -96    4  120    9    2    1    2   10    1
     1    1    1  -56   48    1    4    1    8    1  108    2    1   16
     2    4    1   12  -14    4    2  110   66  110   32    4   32    1
     0]
 [   0    2    1    4    1   15   63   15  -96    2    1  -40   12    1
    36    2    8 -112    1  -24    1    4    1   72    2    1   24   38
     2    1    9    8   24    1    1    3   36   32    1   32    4    4
    12   60    1    2  124   20    2    4    1    2   60   16    6   24
     4    1    6   32   20    8    1    1    1   -6    1    2    4    4
   -72    2    2    2 -128    4    4    2  -80    1   20    1    6    2
     1   80    2    6    2    1   24    3    1    4   18    1    1   38
     0]
 [   0    3   18  108    8    4    1    4   20    1    4    1   68   12
     1   88    1    2   60    1    0    6    1    4    1    6    4    1
    12    2    2   22 -128  104   16   12    2    1   12   72    1    6
     1    3   20    1  -46    2    1   27    1    4  -32    5    1    1
     2    2  -26    2    6    1    4   80    1    1    1 -116    2    1
     6    4   24    1    4    1   24    1   12    4    1   45   10    1
   -94    1    1  120    4    8  -96   42   12    1    8    1    1    1
     0]
 [   0   12    1    1  120    1   24    1    1   75    1    8    1    4
   108    2    1   12    2   10  120    1   60    1    2   48    1    1
     1   20    1    1    6   56    3  -18    1    8    2    8    8   30
    32    1   48   36    1    4    3   64   48    1    1    8    2    4
     1   64    1    1    3 -112  -83    1    6   36    1    2    4    2
     2   45    3   48    1   96    2   24    1    1   10   72    4    1
     8  112    2    4    1    2   24    1   36    2   16    1    6    6
     0]
 [   0    1    2  108    4   75    1   36    4    1   76    3    6    1
     1  -96    1    4    1   22    2   36    1    6    5    2    2   54
     2    2   40    8    1   36    1    2  -80    1    8    1    1    1
     8    1  -64    1    2   52    1   21    1    8   24    1  -79    1
    35    1    4    4    1    8    1  -94   90    2    8   32    1   -6
   -88    2    1    2   16    5    1    1   12    2   14    4    1   16
     3   40    1    4   10  100    1    1   24    1   56 -112   72    1
     0]
 [   0    4   88    1    2    9   60    1    2    2    1  -76  100 -103
     8    1   48   16    3    4    1  -14  119   12    1   36   36    1
     2   18    1    2   54    1    1   24    2   80    2   32   68    4
    24    4    2    6    3    6   35    1    8    1    4   -8    1    4
   100    4  102    8   32    1    1    3    2    1   36    7 -112    2
     2   96    2   16    1 -120 -124   16    4   42    2   30    4    2
     1    6  120    8    4    8    4   42    1   25    4   12    1    1
     0]
 [   0    1    1   18   12    1    2  -32    1   96    2    1    2    2
     1    4    1   20    1  114   36    1    2   80   10    1   36    1
    24  -80    8    4   96    6    0    1    1   12 -116   24    2    1
     2   32    1  -96    6    2    1   36    1    4  104    1   48    1
     1    1   12    1    1   14  120   96   32   80    1   12    2    1
    10    3  -88    1    1    1    1    1  -32   80    1    2    1  -64
     1    4    1    4    1    4    1   56    2    5    1    4    1    6
     0]
 [   0 -116    4    1    2    4    1    2  105    1    2    6    8    1
    32    3  -64   15  -80    3    2    4    3    2    1    4   16   16
     2   48    3    1    1    6    1  -16   -8    1  120    1    2    6
    64    1    8    2   52    2    8    2  -96    6    1  -92    2  -48
     2    8    2   16    1   88    2   12   12    1   12    1    8  120
    18    1    2  -76    3    4   90   78    8    1    6    2 -128   11
    10    1   24    8    1  -76    4   12    1   94    1   24    3  108
     0]
 [   0    1    2    2   64    3   18    1    8    8 -112    4    1    2
     1   80    3    2    2   12    2    1  -44    8    1   52    1   -4
     1    2    2   40    6    2    1    6   -4    2  112    8    1    9
    -8    1   16    1    1    1    8    1    8    2  -88    2    1   42
     2   56    1  -18    1 -116    1    8    4    1  104    1    2    6
    16    1  -44    1    8   48    3    1    2  -56    1   24    6    1
   -92    3    5    1    3    1    1    5    0    2    1    2  -64    2
     0]
 [   0    1   24   30    2  -29    2    1    6    1    2    6   -4    1
     2   72    1    8    1  -54    2   80    1    4    6    1   50    1
     6    8    1   80    1    3   54    1   16    3    1    1  -48    1
     2    6    1   15    4    4    4   12    1    1    3   88   72   12
     1    4    8    2   88    2   32    1    1    6    1    6    2    1
     8   92    2    1   64    1  -96    2   12    1    4    3    1    1
   104  -10    2    8  104    2    4    3    4    6   10   12    1    1
     0]
 [   0   24    1    4    1  120    1    4    1    8    1   74    2  -56
     1    3    1    1  120    2   64    1   12    1    2   60  -64    1
   -48    1   96    6   16   56    1    6    1  -80    6    1    1    3
   104    1    4   48    6    1    1    3    6   45    1    3    2    1
     8    1   12    1  100    1    4    2   40    1    8    1    2   20
   -88    6    2    1 -128    1    4    1    6    6   16   10    1    1
     1    4 -106    1    1   18   14   59    6    1    4    1    8    6
     0]
 [   0    1    4    6  -64    1   24    1    2    1 -112    1    2    3
    64    8    8   32    1    2    1  106    2    2 -106    1    2   54
     1  -72    1  -86    3   56    3    2    6    4    9    1    4    9
    14    2    6    2    1  -96    2  -50    1    4    9   36    3    1
     1 -128    6    4    1   24  -51    1    2  -17    1    4 -116    1
     4    1  -76  -56    3    1    1   20    8    2    1    2   88    4
     2   12    2    2    2    2    4    1    2    1  108   36    4    1
     0]
 [   0   20   12    2    2    6   28   42  112   39    1    4  -34   24
     2    3    2    2    2   96    1    1    1   16    1   48    1    1
    24    1    4    1    8   10    1   60    1    1    3   12    1   -7
     1    6  -32    1   20    2  -32   30    1    2   56    1    6    1
     4    9    1    1   24    1   40    4    4    2   48  -96    1  100
    24    1    1    3   16   40    4   44    1    2   56   48    4   50
     2    8    1    4    1   24   18    4    1  -72   28   15    2    1
     0]
 [   0    3   12    1    1    1    1    1   30  -94    2   14    1    6
     1    4  -16    1   12    1   24    4 -116    5  -64    2   84    1
    24    4    1   72    1  -20    2    6    2    8    5  -64    1    4
     1  -12    1   18  -94    1    4    1   12    9   54   90    8    4
    12    1    6   70    1    8    5   12   24    1    1    3  120    3
     1    2   24 -106    1   12    1   20   59   87    1   64    9    3
     1 -112    4    1   72    2    4   55   96    6    1    3    6   18
     0]
 [   0    1    4   10    4  -64    1    4    3    4    9    1    1   16
     4    1    4    2   60   30 -128    1    5    1    1    1    1  -46
     1   48   64    1   40    1    0    1   60    6    1   32    1    6
     3    1   36    1    8    6    2    6 -128    4    1    9   80    1
     0    1   36    1    8    1    4    1    0    6    4   12    1   60
     2   48    1    2   40    2  -72    4    1    4   64    1    1    1
    32   26    1   24    1    1    1  -96    1    1    6    1   50    1
     0]
 [   0    1    2   18    1    1    9    6    1   30   12    1   12    1
   112  118   10   16    1   16    1  -32   20    4    1    4    2  -67
    20    1    4   24    1   35    1    2    9    2    1    9   -4  -30
     8   48    1    1    3   64    6    1    8    1    4    2    1   24
     3  -88    1   16   26    4    3  -41    1    1   18  -39    2   68
     6    1    8    1   14    1    1    1 -112    1    1  -46    4    1
     2    4   84    1   56   21   64    1    1   59    4    1    1    1
     0]
 [   0   24    2   54    2   16    1    3    1    4   12    1 -112    4
     1    3   32   48    4    1    4    1    1    2    3 -100    1    4
     1   72    1    2   28   16    1   36    2    1   36    2    4  -70
     1    2    6  -40    2    1 -104    1    2   54    6    1   12   14
     1    4   18    2    1   18    2    1   72    1    4    1  -40    2
     1  -40    1    6    4    3   16    6    3  108    1    4  108    4
     4  -66    1    2    3    8    1    2    3   80    1    6    1 -120
     0]
 [   0    1  100    1    2    1    8   10   12    1    1    1   44    1
     2    9    1    2   84    2    2    2   16    1   32    1    3    6
   -96    1    4   24    1    2  -94    1    4  -67    3    1    1    4
    20    1   59    1    6   24   10    3   60    5    2  -65   16    1
     4    1   60    1   12   16    1    2    6  120   30    1    8 -121
     4    4   90    5    5   63    2   12    1    1    6    1   10   90
     1    2   40 -106    2    1    1    1   44    1   10  -94    1    2
     0]
 [   0   24    2    1   84    1    1    1  -16    3   18    1    1  112
     1    6   96    4    1    2   96    1    4  -76    1   12    1    2
    20    4   16    1 -128   40    2    8    4    2 -106   24    2   12
   112    1    8    2    0    2    8  126    2    1    2   16    1   12
    80   12    1    6    8    1    0    4    1    2    1  120    1    8
     0    1    4    1   48    2    1  120    1   64    4   12    1   40
    56    8    3    1    1   48    1    3   24    3    6    1    8    6
     0]
 [   0    1   16    1  -64    1   14   63    2    2   45    1    4    3
    32   15   15    1    4   12    1  -16    3    1    2   72    1   24
    -8    1    2   14    2    1    4    1  -80    1    1    9    6    1
     1   12    1   24    2    1    2    4  -88    1   96    2    1    2
    24    1   72    8    1    6    4    1   44    2   14    2    1   27
     1    2   18  122    1   10   12    1   12    2   30    1  -40    1
     2   95    3   12   72    1   64    1    1    1  -88    1 -124    1
     0]
 [   0    1    2    8    4   60    6    1    1   44    1    1  108    1
     2    4    1    4   36  -28    4    2   28    2   12    2  -16    5
     1    4   12    1    0    2   36    1    4   18   12    1    2   72
     4    1   72    6    1    2    6    4    1    1    3  104    1    4
     1    2   10   14  114    2    1   20    2    2   32   12    1    2
    24    1    1    3    8    2   40    1    1    1    1   10   32    4
   -88   10    1    1    3   48    1    1    1    1    1  -76    1    8
     0]
 [   0    3    8    1    2    2    1    4   72    1    4  -40    1    1
    12    1   12    2    1    3   60    1    1   27    1    2    1    4
     8    1    1    6    9    3    4    1    1    1    8    2  -16    2
     1   48    1    1    9   32    1   30    4    1    8    1   25  -56
     2   36    1    2    5 -108   18    5    1    1    2    1   48    1
    66   10    1   20    1    1    1    1   40    6    1  -40    1    4
     1   20    1    1    6    1   80    3    3   15    4    1    8    1
     0]
 [   0    0    0    0    0    0    0    0    0    0    0    0    0    0
     0    0    0    0    0    0    0    0    0    0    0    0    0    0
     0    0    0    0    0    0    0    0    0    0    0    0    0    0
     0    0    0    0    0    0    0    0    0    0    0    0    0    0
     0    0    0    0    0    0    0    0    0    0    0    0    0    0
     0    0    0    0    0    0    0    0    0    0    0    0    0    0
     0    0    0    0    0    0    0    0    0    0    0    0    0    0
     0]]
126
